Y: 2018
N: Cambie
C2
0.046305195245446
0.125860918129545
0.332220209307612
0.004663507414883
0.068375872313964
0.003172307231266
0.077648152689239
0
0.438668469792
0.01903199616
0.248
0
0
0
0
0
0
0
0.28275
0.035151958464
1.22800903632
0.66
0.71
0.00
1.55
2.91
3.67
2.20

C18
0.056993687681801
0.040426905432287
0.209718827711428
0.001258406762746
0.019744904304567
0.001812746989295
0.037390155754888
0.008988505872813
0.4376387316
0.00930500712
0.3348
0.02506872
0.0059823
0.0440256
0.00010206
0
0.00402288
0.00603432
0.28275
0
0.421823501568
0.38
0.78
0.09
0.34
1.59
2.35
1.40

C27
0.036487101215961
0.055921362320817
0.565763733440447
0.002294741743831
0.001880467076625
0.001812746989295
0.008224752061857
0.009693149736647
0.1802041836
0.02194153092
0
0.01360368
0.0054672
0.0806016
5.184E-05
0.00376704
0.004610304
0.006915456
0.0706875
0.057675570432
0.09768253698
0.68
0.20
0.12
0.23
1.23
1.99
1.20

N: Dunbar
D1
0.004177912352973
0.086960746641486
0.429873005891003
0.001628526398848
0.02925171008084
0.000906373494648
0.02218518648264
0.027532669996646
0.257434548
0.0253189152
0.42408
0.0263712
0.01632
0.06144
0
0
0.00044544
0.00066816
0.1131
0.9697809693312
0
0.60
0.71
0.11
1.08
2.50
3.26
1.90

D10
0.040386486078735
0.034118087480931
0.123937587421785
0.002294741743831
0.029356180473986
0.068034660441982
0.160274444784339
0.012924199648862
0.39130051296
0.027317519424
0.00992
0.01132032
0.002244
0.056832
1.512E-05
0.00055296
0.00189312
0.00283968
0.1131
0.1120247394816
0
0.47
0.43
0.08
0.78
1.76
2.52
1.50

D11
0.037601211176753
0.040426905432287
0.235724064562621
0.003497630561162
0.005641401229876
0.062454798615558
0.005356910882393
0.010982132414392
0.514869096
0.02278396584
0.3751
0.050652
0.0199665
0.117504
0
0.00197856
0.01929312
0.02893968
0.0706875
0.071747050752
0
0.40
0.91
0.24
0.81
2.37
3.13
1.80

N: West End
W3
0.0799025737506
0.08986280289911
0.294616431094283
0.001184382835526
0.044713328266427
0.046338344913856
0.037336045543955
0.025573416326472
0.2059476384
0.00193867056
0
0.11256
0.06732
0.2592
0.00432
0.014592
0
0
0
0.01486833408
0.5581859256
0.62
0.21
0.46
0.57
1.86
2.62
1.50

W5
0.071410966893184
0.082306100756976
0.427803797803435
0.005968179132142
0.016621239549506
0.058521987373939
0.126458268461593
0.056017468531253
0.14673769236
0.01061376264
0
0.0535866
0.013158
0.0754392
5.805E-05
0.0004128
0.0119712
0.0179568
0
0.138616345248
0.8372788884
0.85
0.16
0.17
0.98
2.15
2.91
1.70

W10
0
0.079701820706656
0
0.001392575130833
0.106578083327575
0.013153745341073
0
0.06828514633625
0.1673324562
0.0095022378
0
0.048348942
0
0.14610024
0
0.00742008
0.0236341416
0.0354512124
0
0.3154734191232
1.8141042582
0.27
0.18
0.26
2.13
2.84
3.60
2.10

W11
0.018974685269751
0.05477315745367
0.196473981641212
0.007365380758426
0.062891176673806
0.076361966924056
0.04653478140261
0.027876398710711
0.1415890014
0.00807881328
0
0.01809
0.003723
0.0125568
0
0.00110016
0.006225024
0.009337536
0.141375
0.092049025152
1.70944439715
0.49
0.15
0.05
1.94
2.63
3.39
2.00

W18
0.017129440647188
0.063025091334043
0.003198616646405
0.002775897270764
0.077673737303945
0.229878977579984
0.068774078096183
0.001649897827514
0.123911829104
0.0069514896
0
0.0017688
0.003842
0.100864
0
0.0011392
0.02594688
0.03892032
0
0.023072904192
0.96752227104
0.46
0.13
0.17
0.99
1.76
2.52
1.50

W19
0.009086959367715
0.031279119402821
0.56362587602687
0.001943128089535
0.014939266219858
0.067638122038073
0.028137309685299
0.078043604528569
0.1415890014
0.00807881328
0
0.01809
0.003723
0.01248
0
0.00110016
0.006225024
0.009337536
0.141375
0.588714712704
1.70944439715
0.79
0.15
0.05
2.44
3.43
4.19
2.50

N: KCC
KCC15
0.015667171323647
0.146288870656035
0.194534821061751
0.002849921197984
0.044817798659573
0.127968607775551
0.000108220421867
0.016327113918111
0.257434548
0.0150904404
0.2108
0.02535012
0.0031569
0.0676224
4.779E-05
0.00210336
0.0061248
0.0091872
0.0706875
0.157131514368
0.66982311072
0.55
0.48
0.11
0.90
2.04
2.80
1.60

Y: 2017
N: Cambie
C2
0.068378498843651
0.10242996825821
0.274509813341216
0.005940420159434
0.057981068195951
0.03840757683569
0.133706331216104
0.020623722843929
0.55262616304
0.01815133824
0.8804
0.0180096
0.0110772
0
0
0.015744
0.034232064
0.051348096
0.28275
0.651749338944
2.2327437024
0.70
1.45
0.13
3.17
5.45
6.21
3.70

C18
0.071616380917205
0.05016772034918
0.199457916619024
0.003664184397408
0.021311960201755
0.058631035435013
0.017423487920512
0.010672776571733
0.2960497302
0.007835715
0.2976
0.0382704
0.0046155
0
0.00014175
0
0.0036192
0.0054288
0.141375
0
0.36282085164
0.432945462411831
0.6014854452
0.05207565
0.686347681272
1.77285423888383
2.53
1.50

C27
0.035164095637519
0.072097171548092
0.629945438570208
0.001480478544407
0.016192910937608
0.108651522670875
0.029868836435164
0.03396039694967
0.184194419094
0.01932249096
0
0.00966408
0.0053652
0
9.018E-05
0.00178464
0.027363936
0.041045904
0.0706875
0.154232552592
0.22327437024
0.927360851293544
0.203516910054
0.08531394
0.448194422832
1.66438612417954
2.42
1.40

N: Dunbar
D1
0.014622693235404
0.08479051326622
0.263016871044422
0.001813586216899
0.004387756512126
0.077721527166027
0.215899741623738
0
0.4633821864
0.03361177728
0.38936
0
0
0
0
0
0
0
0.1131
0.27901630848
0
0.66
0.89
0.00
0.39
1.94
2.70
1.60

D10
0.02750458965707
0.060337534886765
0.234672396995239
0.001517490508017
0.025386305534444
0.068941033936629
0.207242107874415
0.011308674692755
0.39130051296
0.025623476064
0.0124
0.01418256
0.005508
0
0.0001296
0
0.006158208
0.009237312
0.1131
0.14460906014208
1.28382762888
0.64
0.43
0.04
1.54
2.64
3.40
2.00

D11
0.070502270956412
0.032364236090455
0.537558834329596
0.004996615087375
0.004701167691564
0.095594079513609
0.121747974599852
0.021964264828785
0.514869096
0.02465230608
0.3224
0.059697
0.01377
0
0
0.003648
0.00942384
0.01413576
0.0706875
8.2601856E-05
0.72564170328
0.89
0.86
0.10
0.80
2.65
3.41
2.00

N: West End
W3
0.035721150617916
0.043442520413035
0.316922368948411
0.001387948635382
0.013685621502107
0.065372188301454
0.02218518648264
0.029698160895258
0.2316910932
0
0
0.0014472
0.001275
0
1.62E-05
0.0005184
0
0
0
0.007819642368
0.5581859256
0.53
0.23
0.00
0.57
1.33
2.18
1.30

W5
0.078649200044709
0.082771691521786
0.396887542881605
0.008401715739511
0.031654529123195
0.070697132582509
0.121585643967052
0.056182458314004
0.15960941976
0.01586713176
0
0.098892
0.01275
0
0
0.001728
0.011136
0.016704
0
0.02570079552
0
0.85
0.18
0.14
1.23
2.39
3.15
1.90

W10
0.000522239044122
0.06715105827423
0
0.001406454617187
0.057458716230222
0.058914277152091
0
0.075070351151903
0.23426543868
0.01456143408
0
0.01083792
0.002142
0
0
0.01293824
0.009060992
0.013591488
0
0.0429462592
2.4452264780784
0.260523096469753
0.24882687276
0.04857064
11.4182800395245
2.4881727372784
3.80609334650815
2.2

W11
0.011210731480476
0.064425648919244
0.126323475627776
0.004533965542247
0.059130242520556
0.069620814057615
0.082355741040433
0.011411793306974
0.1415890014
0.00785559096
0
0.0139896
0.004488
0
0
0.00368832
0.020228544
0.030342816
0
0.12867503808
2.0234239803
0.429012412495322
0.14944459236
0.07273728
2.15209901838
7.12658660647064
3.56329330323532
2.1

W18
0.02583342471588
0.070103585075464
0
0.004922591160154
0.071980100877496
0.199458817165876
0.093448334281753
0
0.107264395
0.0025787784
0
0.0091656
0.0087652
0
0
0.00205056
0.021147264
0.031720896
0
0.018169725952
0.94891607352
0.465746853276624
0.1098431734
0.07284952
0.967085799472
7.12657603844587
2.37552534614862
1.4

W19
0.006336500402008
0.023600026192431
0.349874501716663
0.005622117272387
0
0.091045217537346
0.045982857251091
0.055556872054405
0.1415890014
0.00785559096
0
0.043245552
0
0
0
0.00118272
0
0
0.141375
0.7238251222272
2.0234239803
0.578018092426331
0.14944459236
0.044428272
2.8886241025272
8.84103011862706
4.42051505931353
2.6

N: KCC
KCC15
0.027887564956092
0.091654507197295
0.518222734499773
0.002886933161594
0.093501001865543
0.096528777179964
0
0.026020263654758
0.257434548
0.01281540744
0.1798
0.03510264
0.0053907
0
3.915E-05
0.0077952
0.011044128
0.016566192
0
0.132365901552
0.19536507396
0.86
0.45
0.08
0.33
1.71
2.47
1.50
